image: echo_test_map.pgm
mode: trinary
resolution: 0.05000000074505806
origin: [-8.954304478745833, -6.020078868685022, 0.0]
negate: 0
occupied_thresh: 0.65
free_thresh: 0.25
